chi0 = 1.5391611167264832*^18
 
chide = 1.3878337124539955*^18
